20 0
0 0
9 score
18 0
7 6
19 0
24 0
20 0
7 76
14 0
7 82
14 0
7 90
14 0
7 86
14 0
7 79
14 0
7 62
21 0
15 0
0 0
9 credit
18 0
7 6
19 0
24 0
20 0
7 2
14 0
7 2
14 0
7 1
14 0
7 2
14 0
7 2
14 0
7 3
21 0
15 0
0 0
9 stu_number
15 0
1 0
9 mean
14 0
9 sum
15 0
0 0
9 temp
15 0
0 0
9 i
15 0
9 sum
24 0
7 0
15 0
9 temp
24 0
7 0
15 0
2 0
17 0
9 i
24 0
7 0
15 0
9 i
23 0
7 6
15 0
9 i
28 0
16 0
20 0
9 sum
24 0
9 sum
10 0
9 a
18 0
9 i
19 0
12 0
9 b
18 0
7 3
19 0
15 0
9 sum
24 0
9 sum
10 0
7 2
15 0
21 0
9 mean
24 0
9 sum
13 0
9 temp
15 0
3 0
17 0
9 mean
26 0
7 60
16 0
20 0
9 mean
24 0
9 mean
11 0
7 60
15 0
21 0
4 0
20 0
9 mean
24 0
7 60
11 0
9 mean
15 0
21 0
5 0
7 0
15 0
21 0
